Epoch: 0, Step: 500
{'dev': (751, (0.8083832335329342, 0.21115745568300312, 0.33484911120297645), (0.20270270270270271, 0.1971971971971972, 0.19991205222744646))}
Epoch: 0, Step: 500
{'dev': (751, (0.8083832335329342, 0.21115745568300312, 0.33484911120297645), (0.20270270270270271, 0.1971971971971972, 0.19991205222744646)), 'test': (782, (0.8259187620889749, 0.22426470588235295, 0.35274679884345317), (0.21371371371371373, 0.20754087420754086, 0.21058206721573058))}
Epoch: 1, Step: 1000
{'dev': (1235, (0.845985401459854, 0.6042752867570386, 0.7049878345498783), (0.5180180180180181, 0.5008341675008342, 0.5092811822793812))}
Epoch: 1, Step: 1000
{'dev': (1235, (0.845985401459854, 0.6042752867570386, 0.7049878345498783), (0.5180180180180181, 0.5008341675008342, 0.5092811822793812)), 'test': (1231, (0.8396436525612472, 0.5940126050420168, 0.6957859120270685), (0.5067567567567568, 0.4903653653653654, 0.4984263344785368))}
Epoch: 2, Step: 1500
{'dev': (1380, (0.8152793614595211, 0.7455683003128258, 0.778867102396514), (0.6398064731398065, 0.6263763763763764, 0.6330201998559599))}
Epoch: 2, Step: 1500
{'dev': (1380, (0.8152793614595211, 0.7455683003128258, 0.778867102396514), (0.6398064731398065, 0.6263763763763764, 0.6330201998559599)), 'test': (1336, (0.7918343875790684, 0.7232142857142857, 0.7559703541037607), (0.6218718718718719, 0.6049799799799799, 0.6133096380419175))}
Epoch: 3, Step: 2000
{'dev': (1369, (0.7926167209554832, 0.7612095933263816, 0.776595744680851), (0.6435602268935602, 0.6392225558892224, 0.6413840575738524))}
Epoch: 3, Step: 2000
{'dev': (1369, (0.7926167209554832, 0.7612095933263816, 0.776595744680851), (0.6435602268935602, 0.6392225558892224, 0.6413840575738524)), 'test': (1327, (0.7711496746203904, 0.7468487394957983, 0.7588046958377801), (0.6212879546212879, 0.6193276609943276, 0.6203062590802827))}
Epoch: 4, Step: 2500
{'dev': (1377, (0.8477987421383648, 0.7028154327424401, 0.7685290763968073), (0.6221221221221221, 0.5963463463463464, 0.6089616007463615))}
Epoch: 4, Step: 2500
{'dev': (1377, (0.8477987421383648, 0.7028154327424401, 0.7685290763968073), (0.6221221221221221, 0.5963463463463464, 0.6089616007463615)), 'test': (1360, (0.8371647509578544, 0.6885504201680672, 0.7556195965417868), (0.6061061061061062, 0.5827077077077075, 0.594176641645329))}
Epoch: 5, Step: 3000
{'dev': (1374, (0.7817522032141005, 0.786235662148071, 0.7839875227449962), (0.6575742409075743, 0.6552385719052386, 0.6564043286731474))}
Epoch: 5, Step: 3000
{'dev': (1374, (0.7817522032141005, 0.786235662148071, 0.7839875227449962), (0.6575742409075743, 0.6552385719052386, 0.6564043286731474)), 'test': (1326, (0.7525303643724697, 0.7809873949579832, 0.7664948453608247), (0.6459793126459793, 0.6464798131464797, 0.6462294659876519))}
Epoch: 6, Step: 3500
{'dev': (1379, (0.8091814159292036, 0.7627737226277372, 0.7852925389157274), (0.6428094761428095, 0.6346346346346345, 0.6386958984582073))}
Epoch: 6, Step: 3500
{'dev': (1379, (0.8091814159292036, 0.7627737226277372, 0.7852925389157274), (0.6428094761428095, 0.6346346346346345, 0.6386958984582073)), 'test': (1345, (0.7802617230098147, 0.7515756302521008, 0.7656500802568218), (0.6296296296296298, 0.623415081748415, 0.6265069449837949))}
Epoch: 7, Step: 4000
{'dev': (1369, (0.7909880564603692, 0.7596454640250261, 0.7750000000000001), (0.6396396396396397, 0.6360527193860527, 0.6378411367622118))}
Epoch: 7, Step: 4000
{'dev': (1369, (0.7909880564603692, 0.7596454640250261, 0.7750000000000001), (0.6396396396396397, 0.6360527193860527, 0.6378411367622118)), 'test': (1338, (0.7721587819467102, 0.7457983193277311, 0.7587496660432808), (0.6249582916249583, 0.6193276609943275, 0.6221302364722961))}
Epoch: 8, Step: 4500
{'dev': (1375, (0.7976718403547672, 0.7502606882168926, 0.7732401934443848), (0.6403903903903903, 0.6308808808808808, 0.6356000685725094))}
Epoch: 8, Step: 4500
{'dev': (1375, (0.7976718403547672, 0.7502606882168926, 0.7732401934443848), (0.6403903903903903, 0.6308808808808808, 0.6356000685725094)), 'test': (1343, (0.7842920353982301, 0.7447478991596639, 0.7640086206896552), (0.6316316316316316, 0.620537203870537, 0.6260352684974628))}
Epoch: 9, Step: 5000
{'dev': (1372, (0.7841269841269841, 0.7726798748696558, 0.7783613445378151), (0.6500667334000668, 0.6442275608942274, 0.6471339755154312))}
Epoch: 9, Step: 5000
{'dev': (1372, (0.7841269841269841, 0.7726798748696558, 0.7783613445378151), (0.6500667334000668, 0.6442275608942274, 0.6471339755154312)), 'test': (1330, (0.7626499739175796, 0.7678571428571429, 0.7652447003402253), (0.6403903903903905, 0.6370537203870535, 0.6387176977159998))}
Epoch: 10, Step: 5500
{'dev': (1398, (0.7958087049973133, 0.7721584984358707, 0.7838052394813443), (0.6540707374040706, 0.6438938938938937, 0.6489424192830361))}
Epoch: 10, Step: 5500
{'dev': (1398, (0.7958087049973133, 0.7721584984358707, 0.7838052394813443), (0.6540707374040706, 0.6438938938938937, 0.6489424192830361)), 'test': (1345, (0.7726056714820759, 0.7584033613445378, 0.7654386429896634), (0.6393893893893894, 0.6293376710043376, 0.6343237119232384))}
Epoch: 11, Step: 6000
{'dev': (1378, (0.8012249443207127, 0.7502606882168926, 0.7749057619816908), (0.634551217884551, 0.6262095428762094, 0.630352784525516))}
Epoch: 11, Step: 6000
{'dev': (1378, (0.8012249443207127, 0.7502606882168926, 0.7749057619816908), (0.634551217884551, 0.6262095428762094, 0.630352784525516)), 'test': (1343, (0.7805010893246187, 0.7526260504201681, 0.7663101604278075), (0.6302135468802135, 0.6237487487487486, 0.6269644831926554))}
Epoch: 12, Step: 6500
{'dev': (1350, (0.7662473794549266, 0.762252346193952, 0.7642446419236801), (0.6423089756423089, 0.6399733066399731, 0.6411390139380424))}
Epoch: 12, Step: 6500
{'dev': (1350, (0.7662473794549266, 0.762252346193952, 0.7642446419236801), (0.6423089756423089, 0.6399733066399731, 0.6411390139380424)), 'test': (1334, (0.7678002125398512, 0.7589285714285714, 0.7633386159535129), (0.6371371371371372, 0.6307974641307973, 0.6339514514514514))}
Epoch: 13, Step: 7000
{'dev': (1367, (0.7931980252331322, 0.7539103232533889, 0.7730553327987169), (0.6318818818818819, 0.6277944611277945, 0.6298315400361622))}
Epoch: 13, Step: 7000
{'dev': (1367, (0.7931980252331322, 0.7539103232533889, 0.7730553327987169), (0.6318818818818819, 0.6277944611277945, 0.6298315400361622)), 'test': (1318, (0.7760786455488804, 0.7463235294117647, 0.7609103078982596), (0.6207040373707041, 0.6176176176176174, 0.619156981164391))}
Epoch: 14, Step: 7500
{'dev': (1359, (0.7915984724495363, 0.7565172054223149, 0.7736603572380699), (0.6368034701368034, 0.6305472138805471, 0.6336599000545114))}
Epoch: 14, Step: 7500
{'dev': (1359, (0.7915984724495363, 0.7565172054223149, 0.7736603572380699), (0.6368034701368034, 0.6305472138805471, 0.6336599000545114)), 'test': (1316, (0.7698541329011345, 0.7484243697478992, 0.7589880159786951), (0.6216216216216216, 0.6198281614948281, 0.6207235960973572))}
Epoch: 15, Step: 8000
{'dev': (1349, (0.7854030501089324, 0.7518248175182481, 0.7682472029834843), (0.6361361361361361, 0.6311311311311311, 0.6336237501324389))}
Epoch: 15, Step: 8000
{'dev': (1349, (0.7854030501089324, 0.7518248175182481, 0.7682472029834843), (0.6361361361361361, 0.6311311311311311, 0.6336237501324389)), 'test': (1323, (0.7746325530756668, 0.7473739495798319, 0.7607591553060679), (0.6244577911244578, 0.620704037370704, 0.6225752560805373))}
Epoch: 16, Step: 8500
{'dev': (1348, (0.7848238482384824, 0.7549530761209593, 0.7695987244220037), (0.6403903903903901, 0.6329662996329662, 0.6366567025590935))}
Epoch: 16, Step: 8500
{'dev': (1348, (0.7848238482384824, 0.7549530761209593, 0.7695987244220037), (0.6403903903903901, 0.6329662996329662, 0.6366567025590935)), 'test': (1321, (0.7709677419354839, 0.7531512605042017, 0.7619553666312434), (0.6260427093760426, 0.6235819152485819, 0.6248098893816103))}
Epoch: 17, Step: 9000
{'dev': (1373, (0.7977099236641222, 0.7627737226277372, 0.7798507462686568), (0.6423923923923924, 0.6347180513847179, 0.6385321637771018))}
Epoch: 17, Step: 9000
{'dev': (1373, (0.7977099236641222, 0.7627737226277372, 0.7798507462686568), (0.6423923923923924, 0.6347180513847179, 0.6385321637771018)), 'test': (1324, (0.7748917748917749, 0.7521008403361344, 0.7633262260127932), (0.6291291291291292, 0.6224140807474139, 0.6257535904284995))}
Epoch: 18, Step: 9500
{'dev': (1365, (0.7872795296632816, 0.7679874869655892, 0.777513855898654), (0.6463129796463128, 0.6425592258925592, 0.6444306364915602))}
Epoch: 18, Step: 9500
{'dev': (1365, (0.7872795296632816, 0.7679874869655892, 0.777513855898654), (0.6463129796463128, 0.6425592258925592, 0.6444306364915602)), 'test': (1317, (0.7652035959809624, 0.7599789915966386, 0.7625823451910408), (0.6311311311311312, 0.628003003003003, 0.6295631813866933))}
Epoch: 19, Step: 10000
{'dev': (1363, (0.787176724137931, 0.7617309697601669, 0.7742448330683624), (0.6411411411411411, 0.6369703036369703, 0.6390489170805057))}
Epoch: 19, Step: 10000
{'dev': (1363, (0.787176724137931, 0.7617309697601669, 0.7742448330683624), (0.6411411411411411, 0.6369703036369703, 0.6390489170805057)), 'test': (1313, (0.7678381256656017, 0.7573529411764706, 0.7625594923320995), (0.6294627961294628, 0.6248748748748748, 0.6271604450097501))}
Epoch: 20, Step: 10500
{'dev': (1348, (0.7798408488063661, 0.7664233576642335, 0.7730738890349724), (0.6408908908908908, 0.6395562228895562, 0.6402228612977798))}
Epoch: 20, Step: 10500
{'dev': (1348, (0.7798408488063661, 0.7664233576642335, 0.7730738890349724), (0.6408908908908908, 0.6395562228895562, 0.6402228612977798)), 'test': (1313, (0.7611548556430446, 0.7615546218487395, 0.7613546862693621), (0.6281281281281281, 0.628712045378712, 0.6284199511119269))}
Epoch: 21, Step: 11000
{'dev': (1355, (0.7846071619454837, 0.7653806047966631, 0.7748746371074162), (0.6460627293960626, 0.6402235568902235, 0.6431298895090506))}
Epoch: 21, Step: 11000
{'dev': (1355, (0.7846071619454837, 0.7653806047966631, 0.7748746371074162), (0.6460627293960626, 0.6402235568902235, 0.6431298895090506)), 'test': (1317, (0.7649234020073956, 0.7605042016806722, 0.7627074005794048), (0.6347180513847179, 0.6291291291291291, 0.6319112327296604))}
Epoch: 22, Step: 11500
{'dev': (1366, (0.789247311827957, 0.7653806047966631, 0.7771307570142933), (0.6478978978978978, 0.641307974641308, 0.6445860936964138))}
Epoch: 22, Step: 11500
{'dev': (1366, (0.789247311827957, 0.7653806047966631, 0.7771307570142933), (0.6478978978978978, 0.641307974641308, 0.6445860936964138)), 'test': (1316, (0.7648619957537155, 0.756827731092437, 0.7608236536430834), (0.6322989656322989, 0.6257507507507507, 0.6290078162902484))}
Epoch: 23, Step: 12000
{'dev': (1365, (0.7908992416034669, 0.7612095933263816, 0.7757704569606801), (0.6426426426426425, 0.636302969636303, 0.6394570934096109))}
Epoch: 23, Step: 12000
{'dev': (1365, (0.7908992416034669, 0.7612095933263816, 0.7757704569606801), (0.6426426426426425, 0.636302969636303, 0.6394570934096109)), 'test': (1322, (0.7684887459807074, 0.7531512605042017, 0.7607427055702917), (0.6300467133800467, 0.6231231231231231, 0.6265657923116487))}
