Epoch: 0, Step: 500
{'dev': (724, (0.8633093525179856, 0.18769551616266944, 0.30835117773019266), (0.18018018018018017, 0.17792792792792791, 0.17904697149980167))}
Epoch: 0, Step: 500
{'dev': (724, (0.8633093525179856, 0.18769551616266944, 0.30835117773019266), (0.18018018018018017, 0.17792792792792791, 0.17904697149980167)), 'test': (745, (0.888095238095238, 0.1959033613445378, 0.32099827882960413), (0.1866866866866867, 0.1817650984317651, 0.18419302254484507))}
Epoch: 1, Step: 1000
{'dev': (1213, (0.8166666666666667, 0.6131386861313869, 0.7004169148302561), (0.5139305972639306, 0.504587921254588, 0.5092164099671608))}
Epoch: 1, Step: 1000
{'dev': (1213, (0.8166666666666667, 0.6131386861313869, 0.7004169148302561), (0.5139305972639306, 0.504587921254588, 0.5092164099671608)), 'test': (1212, (0.8046218487394958, 0.6034663865546218, 0.6896758703481392), (0.5042542542542542, 0.49453620286953626, 0.49934795111643987))}
Epoch: 2, Step: 1500
{'dev': (1351, (0.7938547486033519, 0.7408759124087592, 0.7664509169363539), (0.6398898898898899, 0.6233733733733735, 0.6315236591583661))}
Epoch: 2, Step: 1500
{'dev': (1351, (0.7938547486033519, 0.7408759124087592, 0.7664509169363539), (0.6398898898898899, 0.6233733733733735, 0.6315236591583661)), 'test': (1328, (0.7771461057418988, 0.7179621848739496, 0.7463827463827464), (0.6211211211211212, 0.6036036036036035, 0.6122370838349587))}
Epoch: 3, Step: 2000
{'dev': (1328, (0.7706666666666667, 0.7533889468196038, 0.7619298708146587), (0.6417250583917251, 0.6343009676343009, 0.6379914158345659))}
Epoch: 3, Step: 2000
{'dev': (1328, (0.7706666666666667, 0.7533889468196038, 0.7619298708146587), (0.6417250583917251, 0.6343009676343009, 0.6379914158345659)), 'test': (1320, (0.7573021773765268, 0.7489495798319328, 0.7531027198310007), (0.6312979646312981, 0.6251251251251251, 0.6281963812172284))}
Epoch: 4, Step: 2500
{'dev': (1322, (0.855191256830601, 0.6527632950990615, 0.7403903015966883), (0.5868368368368369, 0.5597263930597265, 0.572961102244478))}
Epoch: 4, Step: 2500
{'dev': (1322, (0.855191256830601, 0.6527632950990615, 0.7403903015966883), (0.5868368368368369, 0.5597263930597265, 0.572961102244478)), 'test': (1329, (0.8386880856760375, 0.6580882352941176, 0.7374926427310183), (0.5840840840840841, 0.5595178511845178, 0.5715371084275858))}
Epoch: 5, Step: 3000
{'dev': (1337, (0.7698744769874477, 0.7674661105318039, 0.768668407310705), (0.6438104771438105, 0.6373873873873874, 0.6405828316760018))}
Epoch: 5, Step: 3000
{'dev': (1337, (0.7698744769874477, 0.7674661105318039, 0.768668407310705), (0.6438104771438105, 0.6373873873873874, 0.6405828316760018)), 'test': (1328, (0.7505197505197505, 0.7584033613445378, 0.7544409613375131), (0.6325492158825492, 0.6262095428762093, 0.6293634146627297))}
Epoch: 6, Step: 3500
{'dev': (1366, (0.8049605411499436, 0.7445255474452555, 0.7735644637053087), (0.6315482148815483, 0.6239572906239573, 0.6277298049716272))}
Epoch: 6, Step: 3500
{'dev': (1366, (0.8049605411499436, 0.7445255474452555, 0.7735644637053087), (0.6315482148815483, 0.6239572906239573, 0.6277298049716272)), 'test': (1345, (0.7881885292447472, 0.7289915966386554, 0.7574351978171897), (0.6209542876209542, 0.6077744411077743, 0.6142936781542799))}
Epoch: 7, Step: 4000
{'dev': (1374, (0.8076923076923077, 0.7445255474452555, 0.7748236570808464), (0.6347180513847179, 0.6213713713713714, 0.6279738032626863))}
Epoch: 7, Step: 4000
{'dev': (1374, (0.8076923076923077, 0.7445255474452555, 0.7748236570808464), (0.6347180513847179, 0.6213713713713714, 0.6279738032626863)), 'test': (1344, (0.7811278615298716, 0.7347689075630253, 0.7572395128552097), (0.6244577911244579, 0.6100266933600266, 0.6171578926269558))}
Epoch: 8, Step: 4500
{'dev': (1342, (0.7784981091301999, 0.751303441084463, 0.764659060758822), (0.6456456456456456, 0.6324657991324659, 0.6389877672999981))}
Epoch: 8, Step: 4500
{'dev': (1342, (0.7784981091301999, 0.751303441084463, 0.764659060758822), (0.6456456456456456, 0.6324657991324659, 0.6389877672999981)), 'test': (1302, (0.75, 0.7389705882352942, 0.7444444444444444), (0.6286286286286287, 0.6204537871204537, 0.6245144570241405))}
Epoch: 9, Step: 5000
{'dev': (1357, (0.7901510912143257, 0.7361835245046924, 0.76221322537112), (0.6275442108775442, 0.617867867867868, 0.6226684487568614))}
Epoch: 9, Step: 5000
{'dev': (1357, (0.7901510912143257, 0.7361835245046924, 0.76221322537112), (0.6275442108775442, 0.617867867867868, 0.6226684487568614)), 'test': (1309, (0.7674033149171271, 0.729516806722689, 0.7479806138933764), (0.615115115115115, 0.6093593593593593, 0.6122237095055405))}
Epoch: 10, Step: 5500
{'dev': (1353, (0.7755863539445629, 0.7586027111574557, 0.7670005271481286), (0.6445612278945612, 0.6339673006339673, 0.6392203734584282))}
Epoch: 10, Step: 5500
{'dev': (1353, (0.7755863539445629, 0.7586027111574557, 0.7670005271481286), (0.6445612278945612, 0.6339673006339673, 0.6392203734584282)), 'test': (1328, (0.7627296587926509, 0.7631302521008403, 0.7629299028616434), (0.64014014014014, 0.630547213880547, 0.6353074665948031))}
Epoch: 11, Step: 6000
{'dev': (1340, (0.7800875273522976, 0.7434827945776851, 0.7613454351308062), (0.6297130463797129, 0.6212045378712046, 0.6254298554800911))}
Epoch: 11, Step: 6000
{'dev': (1340, (0.7800875273522976, 0.7434827945776851, 0.7613454351308062), (0.6297130463797129, 0.6212045378712046, 0.6254298554800911)), 'test': (1307, (0.7665030005455538, 0.7379201680672269, 0.751940058870752), (0.6266266266266266, 0.6118201534868201, 0.6191348793308851))}
Epoch: 12, Step: 6500
{'dev': (1345, (0.7842370039128005, 0.7314911366006257, 0.7569463177771784), (0.6234567901234567, 0.6136136136136138, 0.6184960415574037))}
Epoch: 12, Step: 6500
{'dev': (1345, (0.7842370039128005, 0.7314911366006257, 0.7569463177771784), (0.6234567901234567, 0.6136136136136138, 0.6184960415574037)), 'test': (1285, (0.7563616675690309, 0.7337184873949579, 0.7448680351906158), (0.6127794461127793, 0.6086086086086085, 0.6106869060017536))}
Epoch: 13, Step: 7000
{'dev': (1347, (0.7719665271966527, 0.7695516162669447, 0.770757180156658), (0.6462295628962293, 0.6420587253920588, 0.6441373925941827))}
Epoch: 13, Step: 7000
{'dev': (1347, (0.7719665271966527, 0.7695516162669447, 0.770757180156658), (0.6462295628962293, 0.6420587253920588, 0.6441373925941827)), 'test': (1340, (0.7640625, 0.770483193277311, 0.7672594142259413), (0.6388888888888888, 0.6358858858858859, 0.6373838502813768))}
Epoch: 14, Step: 7500
{'dev': (1347, (0.789153292750415, 0.7434827945776851, 0.7656375838926175), (0.6281281281281281, 0.6210377043710378, 0.6245627931771505))}
Epoch: 14, Step: 7500
{'dev': (1347, (0.789153292750415, 0.7434827945776851, 0.7656375838926175), (0.6281281281281281, 0.6210377043710378, 0.6245627931771505)), 'test': (1314, (0.7713347921225383, 0.740546218487395, 0.7556270096463023), (0.6149482816149481, 0.6115281948615283, 0.613233469702671))}
Epoch: 15, Step: 8000
{'dev': (1331, (0.7781456953642384, 0.735140771637122, 0.7560321715817694), (0.6256256256256255, 0.6166166166166167, 0.6210884534816846))}
Epoch: 15, Step: 8000
{'dev': (1331, (0.7781456953642384, 0.735140771637122, 0.7560321715817694), (0.6256256256256255, 0.6166166166166167, 0.6210884534816846)), 'test': (1296, (0.7642896026129559, 0.7373949579831933, 0.7506014434643145), (0.6174507841174507, 0.6103603603603603, 0.6138850991762195))}
Epoch: 16, Step: 8500
{'dev': (1325, (0.7768685215493726, 0.7424400417101147, 0.7592641962143428), (0.6247914581247914, 0.6194527861194529, 0.6221106688166669))}
Epoch: 16, Step: 8500
{'dev': (1325, (0.7768685215493726, 0.7424400417101147, 0.7592641962143428), (0.6247914581247914, 0.6194527861194529, 0.6221106688166669)), 'test': (1277, (0.7564516129032258, 0.7389705882352942, 0.7476089266737513), (0.6137804471137803, 0.6101935268601936, 0.6119817311575416))}
Epoch: 17, Step: 9000
{'dev': (1329, (0.7830451756832125, 0.7320125130344108, 0.7566693613581245), (0.6242075408742075, 0.6136136136136137, 0.618865243031292))}
Epoch: 17, Step: 9000
{'dev': (1329, (0.7830451756832125, 0.7320125130344108, 0.7566693613581245), (0.6242075408742075, 0.6136136136136137, 0.618865243031292)), 'test': (1300, (0.7727022564667033, 0.7373949579831933, 0.7546358505778017), (0.6197030363697029, 0.6132799466132799, 0.6164747613003255))}
Epoch: 18, Step: 9500
{'dev': (1330, (0.7794279427942794, 0.7387904066736184, 0.7585653104925053), (0.6364698031364698, 0.6226226226226226, 0.629470068982458))}
Epoch: 18, Step: 9500
{'dev': (1330, (0.7794279427942794, 0.7387904066736184, 0.7585653104925053), (0.6364698031364698, 0.6226226226226226, 0.629470068982458)), 'test': (1308, (0.7712096332785988, 0.7400210084033614, 0.755293487000804), (0.6300467133800467, 0.6158658658658657, 0.622875587156519))}
Epoch: 19, Step: 10000
{'dev': (1348, (0.7689075630252101, 0.7632950990615224, 0.7660910518053375), (0.638138138138138, 0.6372205538872205, 0.6376790159248135))}
Epoch: 19, Step: 10000
{'dev': (1348, (0.7689075630252101, 0.7632950990615224, 0.7660910518053375), (0.638138138138138, 0.6372205538872205, 0.6376790159248135)), 'test': (1292, (0.7520618556701031, 0.7662815126050421, 0.7591050988553589), (0.6293793793793793, 0.6323823823823823, 0.6308773072953953))}
Epoch: 20, Step: 10500
{'dev': (1320, (0.7821727019498608, 0.7320125130344108, 0.7562617829248587), (0.6270437103770438, 0.6160326993660327, 0.6214894378116318))}
Epoch: 20, Step: 10500
{'dev': (1320, (0.7821727019498608, 0.7320125130344108, 0.7562617829248587), (0.6270437103770438, 0.6160326993660327, 0.6214894378116318)), 'test': (1280, (0.761437908496732, 0.7342436974789915, 0.7475935828877004), (0.6179512846179512, 0.6076910243576908, 0.6127782084586911))}
Epoch: 21, Step: 11000
{'dev': (1323, (0.7785016286644951, 0.7476538060479666, 0.7627659574468085), (0.6206206206206205, 0.621871871871872, 0.6212456162103694))}
Epoch: 21, Step: 11000
{'dev': (1323, (0.7785016286644951, 0.7476538060479666, 0.7627659574468085), (0.6206206206206205, 0.621871871871872, 0.6212456162103694)), 'test': (1282, (0.7542283298097252, 0.7494747899159664, 0.7518440463645943), (0.6117784451117784, 0.6161161161161162, 0.6139396189667929))}
Epoch: 22, Step: 11500
{'dev': (1333, (0.7674540682414698, 0.762252346193952, 0.7648443630656552), (0.6444778111444779, 0.6383883883883885, 0.6414186473358071))}
Epoch: 22, Step: 11500
{'dev': (1333, (0.7674540682414698, 0.762252346193952, 0.7648443630656552), (0.6444778111444779, 0.6383883883883885, 0.6414186473358071)), 'test': (1290, (0.744987146529563, 0.7610294117647058, 0.7529228371005456), (0.6339673006339672, 0.6297964631297964, 0.6318749993117428))}
Epoch: 23, Step: 12000
{'dev': (1327, (0.7754329004329005, 0.7471324296141815, 0.7610196494954861), (0.6307140473807141, 0.624457791124458, 0.6275703274662093))}
Epoch: 23, Step: 12000
{'dev': (1327, (0.7754329004329005, 0.7471324296141815, 0.7610196494954861), (0.6307140473807141, 0.624457791124458, 0.6275703274662093)), 'test': (1308, (0.758985200845666, 0.7542016806722689, 0.7565858798735511), (0.6247080413747078, 0.6232065398732065, 0.6239563873142302))}
Epoch: 24, Step: 12500
{'dev': (1333, (0.7607142857142857, 0.7773722627737226, 0.7689530685920578), (0.6483149816483148, 0.6501501501501501, 0.6492312690436807))}
Epoch: 24, Step: 12500
{'dev': (1333, (0.7607142857142857, 0.7773722627737226, 0.7689530685920578), (0.6483149816483148, 0.6501501501501501, 0.6492312690436807)), 'test': (1297, (0.7454361054766734, 0.7720588235294118, 0.758513931888545), (0.6376376376376376, 0.6378044711378046, 0.6377210434764392))}
Epoch: 25, Step: 13000
{'dev': (1329, (0.7831062670299728, 0.7492179353493222, 0.7657873701039168), (0.6246246246246245, 0.6242075408742076, 0.6244160131008036))}
Epoch: 25, Step: 13000
{'dev': (1329, (0.7831062670299728, 0.7492179353493222, 0.7657873701039168), (0.6246246246246245, 0.6242075408742076, 0.6244160131008036)), 'test': (1316, (0.7696871628910464, 0.7494747899159664, 0.7594465141032465), (0.6173673673673674, 0.6191191191191191, 0.618242002374769))}
Epoch: 26, Step: 13500
{'dev': (1339, (0.7831260140616549, 0.7549530761209593, 0.7687815237589594), (0.6322989656322988, 0.6297964631297965, 0.6310452333805495))}
Epoch: 26, Step: 13500
{'dev': (1339, (0.7831260140616549, 0.7549530761209593, 0.7687815237589594), (0.6322989656322988, 0.6297964631297965, 0.6310452333805495)), 'test': (1316, (0.7643312101910829, 0.7563025210084033, 0.7602956705385429), (0.621705038371705, 0.625125125125125, 0.6234103910560723))}
Epoch: 27, Step: 14000
{'dev': (1350, (0.7823093220338984, 0.7700729927007299, 0.7761429322122964), (0.6462295628962295, 0.642892892892893, 0.6445569096986207))}
Epoch: 27, Step: 14000
{'dev': (1350, (0.7823093220338984, 0.7700729927007299, 0.7761429322122964), (0.6462295628962295, 0.642892892892893, 0.6445569096986207)), 'test': (1314, (0.7577800829875518, 0.7673319327731093, 0.7625260960334028), (0.6332165498832165, 0.6346346346346344, 0.6339247991988302))}
Epoch: 28, Step: 14500
{'dev': (1357, (0.787222523010287, 0.7580813347236705, 0.7723771580345286), (0.6375542208875542, 0.6334668001334668, 0.6355039382319467))}
Epoch: 28, Step: 14500
{'dev': (1357, (0.787222523010287, 0.7580813347236705, 0.7723771580345286), (0.6375542208875542, 0.6334668001334668, 0.6355039382319467)), 'test': (1308, (0.7697332607512248, 0.7426470588235294, 0.7559476075915531), (0.6172005338672005, 0.6136970303636969, 0.6154437961047702))}
Epoch: 29, Step: 15000
{'dev': (1350, (0.7805929919137466, 0.7549530761209593, 0.7675589716406043), (0.6422255588922254, 0.6329662996329662, 0.6375623131908428))}
Epoch: 29, Step: 15000
{'dev': (1350, (0.7805929919137466, 0.7549530761209593, 0.7675589716406043), (0.6422255588922254, 0.6329662996329662, 0.6375623131908428)), 'test': (1325, (0.7707552222817354, 0.7557773109243697, 0.7631927870591356), (0.6330497163830496, 0.6274607941274607, 0.63024286501665))}
Epoch: 30, Step: 15500
{'dev': (1322, (0.7682539682539683, 0.7570385818561001, 0.7626050420168067), (0.6398064731398064, 0.6351351351351352, 0.6374622463342693))}
Epoch: 30, Step: 15500
{'dev': (1322, (0.7682539682539683, 0.7570385818561001, 0.7626050420168067), (0.6398064731398064, 0.6351351351351352, 0.6374622463342693)), 'test': (1294, (0.7523413111342352, 0.759453781512605, 0.7558808154730788), (0.6323823823823824, 0.630714047380714, 0.6315471130885211))}
Epoch: 31, Step: 16000
{'dev': (1330, (0.7685907436297452, 0.7705943691345151, 0.7695912522780526), (0.6401401401401401, 0.6429763096429764, 0.6415550903913926))}
Epoch: 31, Step: 16000
{'dev': (1330, (0.7685907436297452, 0.7705943691345151, 0.7695912522780526), (0.6401401401401401, 0.6429763096429764, 0.6415550903913926)), 'test': (1308, (0.7516641065028162, 0.7710084033613446, 0.7612133782732695), (0.6305472138805471, 0.6355522188855521, 0.6330398237654353))}
Epoch: 32, Step: 16500
{'dev': (1350, (0.79125138427464, 0.7450469238790407, 0.7674543501611171), (0.6345512178845512, 0.6247914581247914, 0.6296335195012637))}
Epoch: 32, Step: 16500
{'dev': (1350, (0.79125138427464, 0.7450469238790407, 0.7674543501611171), (0.6345512178845512, 0.6247914581247914, 0.6296335195012637)), 'test': (1314, (0.7774086378737541, 0.7373949579831933, 0.7568733153638815), (0.6247080413747079, 0.6111945278611944, 0.6178774053931541))}
Epoch: 33, Step: 17000
{'dev': (1330, (0.7784981091301999, 0.751303441084463, 0.764659060758822), (0.6354688021354687, 0.6298798798798799, 0.6326619981442317))}
Epoch: 33, Step: 17000
{'dev': (1330, (0.7784981091301999, 0.751303441084463, 0.764659060758822), (0.6354688021354687, 0.6298798798798799, 0.6326619981442317)), 'test': (1314, (0.7676282051282052, 0.7547268907563025, 0.7611228813559322), (0.6279612946279612, 0.6241241241241241, 0.6260368296344312))}
Epoch: 34, Step: 17500
{'dev': (1342, (0.7705943691345151, 0.7705943691345151, 0.7705943691345152), (0.640306973640307, 0.6420587253920588, 0.6411816530422745))}
Epoch: 34, Step: 17500
{'dev': (1342, (0.7705943691345151, 0.7705943691345151, 0.7705943691345152), (0.640306973640307, 0.6420587253920588, 0.6411816530422745)), 'test': (1304, (0.7503852080123267, 0.7673319327731093, 0.7587639574136589), (0.6298798798798798, 0.6330497163830496, 0.6314608201332111))}
Epoch: 35, Step: 18000
{'dev': (1332, (0.7713981924508241, 0.7565172054223149, 0.763885232956041), (0.6446446446446447, 0.6364698031364697, 0.6405311418985074))}
Epoch: 35, Step: 18000
{'dev': (1332, (0.7713981924508241, 0.7565172054223149, 0.763885232956041), (0.6446446446446447, 0.6364698031364697, 0.6405311418985074)), 'test': (1315, (0.7635312664214399, 0.7631302521008403, 0.763330706593118), (0.6389723056389722, 0.6324657991324657, 0.6357024040617618))}
Epoch: 36, Step: 18500
{'dev': (1316, (0.7722400857449089, 0.751303441084463, 0.7616279069767442), (0.6269602936269604, 0.6268768768768769, 0.626918582477095))}
Epoch: 36, Step: 18500
{'dev': (1316, (0.7722400857449089, 0.751303441084463, 0.7616279069767442), (0.6269602936269604, 0.6268768768768769, 0.626918582477095)), 'test': (1282, (0.753862546616942, 0.743172268907563, 0.748479238296747), (0.615281948615282, 0.6143643643643644, 0.6148228141308665))}
Epoch: 37, Step: 19000
{'dev': (1326, (0.7646753246753247, 0.7674661105318039, 0.7660681759042414), (0.6416416416416416, 0.6408908908908909, 0.6412660465343393))}
Epoch: 37, Step: 19000
{'dev': (1326, (0.7646753246753247, 0.7674661105318039, 0.7660681759042414), (0.6416416416416416, 0.6408908908908909, 0.6412660465343393)), 'test': (1277, (0.7467498699947998, 0.7542016806722689, 0.7504572772406585), (0.625291958625292, 0.6224974974974974, 0.6238915989225178))}
Epoch: 38, Step: 19500
{'dev': (1335, (0.7730384412848867, 0.7653806047966631, 0.7691904637149594), (0.6480647313980648, 0.641307974641308, 0.6446686491542113))}
Epoch: 38, Step: 19500
{'dev': (1335, (0.7730384412848867, 0.7653806047966631, 0.7691904637149594), (0.6480647313980648, 0.641307974641308, 0.6446686491542113)), 'test': (1315, (0.7615062761506276, 0.7647058823529411, 0.7631027253668763), (0.6393893893893894, 0.633133133133133, 0.6362458820669242))}
Epoch: 39, Step: 20000
{'dev': (1325, (0.766597510373444, 0.7705943691345151, 0.7685907436297452), (0.640724057390724, 0.6425592258925593, 0.6416403294436749))}
Epoch: 39, Step: 20000
{'dev': (1325, (0.766597510373444, 0.7705943691345151, 0.7685907436297452), (0.640724057390724, 0.6425592258925593, 0.6416403294436749)), 'test': (1306, (0.7530737704918032, 0.7720588235294118, 0.7624481327800829), (0.6350517183850517, 0.6368451785118452, 0.6359471839987771))}
Epoch: 40, Step: 20500
{'dev': (1325, (0.7630087583719732, 0.7721584984358707, 0.7675563617517492), (0.6403069736403071, 0.643893893893894, 0.6420954244273505))}
Epoch: 40, Step: 20500
{'dev': (1325, (0.7630087583719732, 0.7721584984358707, 0.7675563617517492), (0.6403069736403071, 0.643893893893894, 0.6420954244273505)), 'test': (1308, (0.7540983606557377, 0.773109243697479, 0.7634854771784233), (0.6338004671338004, 0.6383049716383049, 0.6360447441977497))}
Epoch: 41, Step: 21000
{'dev': (1335, (0.7796426637791013, 0.7507820646506778, 0.7649402390438247), (0.6338838838838838, 0.6282115448782117, 0.6310349675518215))}
Epoch: 41, Step: 21000
{'dev': (1335, (0.7796426637791013, 0.7507820646506778, 0.7649402390438247), (0.6338838838838838, 0.6282115448782117, 0.6310349675518215)), 'test': (1311, (0.7686127477236208, 0.7536764705882353, 0.7610713338636966), (0.6273773773773774, 0.6229145812479145, 0.6251380145532329))}
Epoch: 42, Step: 21500
{'dev': (1343, (0.7740232312565998, 0.7643378519290928, 0.7691500524658971), (0.6478144811478146, 0.6408074741408074, 0.6442919270038207))}
Epoch: 42, Step: 21500
{'dev': (1343, (0.7740232312565998, 0.7643378519290928, 0.7691500524658971), (0.6478144811478146, 0.6408074741408074, 0.6442919270038207)), 'test': (1328, (0.7665081880612784, 0.7620798319327731, 0.7642875954701079), (0.6376376376376376, 0.6315065065065065, 0.6345572625765863))}
Epoch: 43, Step: 22000
{'dev': (1335, (0.7818574514038877, 0.7549530761209593, 0.7681697612732097), (0.6312145478812144, 0.6299632966299634, 0.6305883015541944))}
Epoch: 43, Step: 22000
{'dev': (1335, (0.7818574514038877, 0.7549530761209593, 0.7681697612732097), (0.6312145478812144, 0.6299632966299634, 0.6305883015541944)), 'test': (1311, (0.7661851257356875, 0.7521008403361344, 0.7590776570368407), (0.621705038371705, 0.6197030363697029, 0.6207024230699363))}
Epoch: 44, Step: 22500
{'dev': (1335, (0.7773625200213561, 0.7591240875912408, 0.7681350567132683), (0.6374708041374707, 0.6353853853853856, 0.6364263864100027))}
Epoch: 44, Step: 22500
{'dev': (1335, (0.7773625200213561, 0.7591240875912408, 0.7681350567132683), (0.6374708041374707, 0.6353853853853856, 0.6364263864100027)), 'test': (1314, (0.7677038626609443, 0.7515756302521008, 0.7595541401273885), (0.6250417083750418, 0.6206623289956623, 0.6228443206434524))}
Epoch: 45, Step: 23000
{'dev': (1331, (0.7778969957081545, 0.7559958289885297, 0.7667900581702803), (0.6368034701368034, 0.6330497163830497, 0.6349210451117652))}
Epoch: 45, Step: 23000
{'dev': (1331, (0.7778969957081545, 0.7559958289885297, 0.7667900581702803), (0.6368034701368034, 0.6330497163830497, 0.6349210451117652)), 'test': (1316, (0.7687768240343348, 0.7526260504201681, 0.760615711252654), (0.6272105438772104, 0.6216633299966633, 0.6244246172053449))}
Epoch: 46, Step: 23500
{'dev': (1329, (0.7781954887218046, 0.7554744525547445, 0.7666666666666666), (0.6376376376376376, 0.6328828828828831, 0.6352513632403332))}
Epoch: 46, Step: 23500
{'dev': (1329, (0.7781954887218046, 0.7554744525547445, 0.7666666666666666), (0.6376376376376376, 0.6328828828828831, 0.6352513632403332)), 'test': (1320, (0.7707997852925389, 0.7542016806722689, 0.7624104061587471), (0.6297964631297965, 0.6234150817484151, 0.6265895253703243))}
Epoch: 47, Step: 24000
{'dev': (1330, (0.7781954887218046, 0.7554744525547445, 0.7666666666666666), (0.6371371371371372, 0.6325492158825493, 0.634834887446411))}
Epoch: 47, Step: 24000
{'dev': (1330, (0.7781954887218046, 0.7554744525547445, 0.7666666666666666), (0.6371371371371372, 0.6325492158825493, 0.634834887446411)), 'test': (1318, (0.7697262479871175, 0.7531512605042017, 0.7613485532253783), (0.6280447113780446, 0.6226643309976643, 0.6253429483551425))}
