test:{'dev': (1366, (0.8094144661308841, 0.735140771637122, 0.7704918032786886), (0.6436436436436437, 0.6217884551217884, 0.632527319673002))}
test:{'dev': (1366, (0.8094144661308841, 0.735140771637122, 0.7704918032786886), (0.6436436436436437, 0.6217884551217884, 0.632527319673002)), 'test': (1361, (0.7938320959451742, 0.7300420168067226, 0.7606019151846785), (0.6317984651317985, 0.6136136136136137, 0.6225732765585412))}
test:{'dev': (1343, (0.7848305540613233, 0.7606882168925965, 0.7725708234048185), (0.6396396396396397, 0.6393893893893893, 0.6395144900329796))}
test:{'dev': (1343, (0.7848305540613233, 0.7606882168925965, 0.7725708234048185), (0.6396396396396397, 0.6393893893893893, 0.6395144900329796)), 'test': (1304, (0.7595276435856146, 0.743172268907563, 0.7512609503583754), (0.6209542876209542, 0.6189522856189522, 0.6199516703643003))}
Epoch: 0, Step: 500
{'dev': (772, (0.8893709327548807, 0.21376433785192908, 0.34468263976460695), (0.20520520520520522, 0.20211878545211878, 0.20365030195052725))}
Epoch: 0, Step: 500
{'dev': (772, (0.8893709327548807, 0.21376433785192908, 0.34468263976460695), (0.20520520520520522, 0.20211878545211878, 0.20365030195052725)), 'test': (795, (0.8991596638655462, 0.22478991596638656, 0.3596638655462185), (0.21421421421421422, 0.20845845845845842, 0.21129714676191882))}
Epoch: 4, Step: 2501
{'dev': (1366, (0.7922437673130194, 0.7455683003128258, 0.7681976900349181), (0.6536536536536537, 0.6337170503837171, 0.643530979952933))}
Epoch: 4, Step: 2501
{'dev': (1366, (0.7922437673130194, 0.7455683003128258, 0.7681976900349181), (0.6536536536536537, 0.6337170503837171, 0.643530979952933)), 'test': (1343, (0.7742290748898678, 0.7384453781512605, 0.7559139784946237), (0.6416416416416416, 0.6218718718718717, 0.6316020912970803))}
Epoch: 5, Step: 3001
{'dev': (1368, (0.8028328611898017, 0.7387904066736184, 0.7694814010317675), (0.6336336336336337, 0.6243743743743745, 0.6289699287511104))}
Epoch: 5, Step: 3001
{'dev': (1368, (0.8028328611898017, 0.7387904066736184, 0.7694814010317675), (0.6336336336336337, 0.6243743743743745, 0.6289699287511104)), 'test': (1347, (0.7902578796561605, 0.7242647058823529, 0.7558235132913126), (0.6125291958625294, 0.6046880213546878, 0.6085833526326033))}
Epoch: 6, Step: 3501
{'dev': (1375, (0.7943722943722944, 0.7653806047966631, 0.7796070100902815), (0.6487320653987318, 0.6378044711378045, 0.6432218598247688))}
Epoch: 6, Step: 3501
{'dev': (1375, (0.7943722943722944, 0.7653806047966631, 0.7796070100902815), (0.6487320653987318, 0.6378044711378045, 0.6432218598247688)), 'test': (1351, (0.7700106723585912, 0.7578781512605042, 0.7638962413975647), (0.6441441441441441, 0.631256256256256, 0.6376350843141776))}
Epoch: 7, Step: 4001
{'dev': (1371, (0.7912147505422994, 0.7606882168925965, 0.7756512493354599), (0.6489823156489823, 0.6372205538872205, 0.6430476566888353))}
Epoch: 7, Step: 4001
{'dev': (1371, (0.7912147505422994, 0.7606882168925965, 0.7756512493354599), (0.6489823156489823, 0.6372205538872205, 0.6430476566888353)), 'test': (1339, (0.7745415318230853, 0.7542016806722689, 0.7642362959020756), (0.6398898898898899, 0.6276276276276276, 0.6336994447557133))}
Epoch: 8, Step: 4501
{'dev': (1375, (0.8137535816618912, 0.7403545359749739, 0.7753207753207755), (0.6368868868868869, 0.6209542876209543, 0.6288196811441059))}
Epoch: 8, Step: 4501
{'dev': (1375, (0.8137535816618912, 0.7403545359749739, 0.7753207753207755), (0.6368868868868869, 0.6209542876209543, 0.6288196811441059)), 'test': (1328, (0.7896848137535817, 0.7237394957983193, 0.7552754179227185), (0.6238738738738738, 0.6046880213546879, 0.6141311395588962))}
Epoch: 9, Step: 5001
{'dev': (1326, (0.7649550026469031, 0.7533889468196038, 0.7591279222484896), (0.6405572238905571, 0.6326326326326327, 0.6365702661319512))}
Epoch: 9, Step: 5001
{'dev': (1326, (0.7649550026469031, 0.7533889468196038, 0.7591279222484896), (0.6405572238905571, 0.6326326326326327, 0.6365702661319512)), 'test': (1286, (0.7495995728777363, 0.7373949579831933, 0.7434471803018269), (0.6253753753753754, 0.6126126126126125, 0.6189282065570725))}
Epoch: 10, Step: 5501
{'dev': (1367, (0.803409090909091, 0.7372262773722628, 0.7688961392060901), (0.6272105438772104, 0.6167000333667001, 0.6219108839705227))}
Epoch: 10, Step: 5501
{'dev': (1367, (0.803409090909091, 0.7372262773722628, 0.7688961392060901), (0.6272105438772104, 0.6167000333667001, 0.6219108839705227)), 'test': (1327, (0.7786386275594909, 0.7389705882352942, 0.7582861762328214), (0.6249582916249583, 0.6115281948615282, 0.618170307751814))}
Epoch: 11, Step: 6001
{'dev': (1368, (0.7803837953091685, 0.7632950990615224, 0.771744860305746), (0.6393893893893893, 0.6379713046379714, 0.6386795598576438))}
Epoch: 11, Step: 6001
{'dev': (1368, (0.7803837953091685, 0.7632950990615224, 0.771744860305746), (0.6393893893893893, 0.6379713046379714, 0.6386795598576438)), 'test': (1334, (0.7646437994722955, 0.7610294117647058, 0.7628323242958672), (0.6329662996329665, 0.6291291291291291, 0.6310418812732098))}
Epoch: 12, Step: 6501
{'dev': (1374, (0.8044817927170869, 0.748696558915537, 0.7755873615987038), (0.6348014681348014, 0.6266266266266265, 0.6306875583426302))}
Epoch: 12, Step: 6501
{'dev': (1374, (0.8044817927170869, 0.748696558915537, 0.7755873615987038), (0.6348014681348014, 0.6266266266266265, 0.6306875583426302)), 'test': (1341, (0.7797454344216934, 0.7400210084033614, 0.7593640528159525), (0.6258758758758759, 0.6131965298631964, 0.6194713294147789))}
Epoch: 13, Step: 7001
{'dev': (1353, (0.7878622197922361, 0.751303441084463, 0.7691486522551374), (0.6321321321321323, 0.6298798798798799, 0.6310039962627709))}
Epoch: 13, Step: 7001
{'dev': (1353, (0.7878622197922361, 0.751303441084463, 0.7691486522551374), (0.6321321321321323, 0.6298798798798799, 0.6310039962627709)), 'test': (1304, (0.7648648648648648, 0.743172268907563, 0.753862546616942), (0.6217884551217884, 0.6168668668668669, 0.6193178834434138))}
Epoch: 14, Step: 7501
{'dev': (1376, (0.8021240916713248, 0.7481751824817519, 0.7742109522524954), (0.6373039706373039, 0.6265432098765432, 0.6318777801408211))}
Epoch: 14, Step: 7501
{'dev': (1376, (0.8021240916713248, 0.7481751824817519, 0.7742109522524954), (0.6373039706373039, 0.6265432098765432, 0.6318777801408211)), 'test': (1340, (0.7834254143646409, 0.7447478991596639, 0.7635971997845988), (0.6305472138805472, 0.6176176176176176, 0.6240154476470724))}
Epoch: 15, Step: 8001
{'dev': (1344, (0.7692711064499214, 0.764859228362878, 0.7670588235294117), (0.6464798131464797, 0.6408908908908909, 0.6436732202947455))}
Epoch: 15, Step: 8001
{'dev': (1344, (0.7692711064499214, 0.764859228362878, 0.7670588235294117), (0.6464798131464797, 0.6408908908908909, 0.6436732202947455)), 'test': (1326, (0.7598116169544741, 0.7626050420168067, 0.7612057667103538), (0.6382215548882215, 0.6303803803803804, 0.6342767346515373))}
Epoch: 16, Step: 8501
{'dev': (1344, (0.7727272727272727, 0.762252346193952, 0.7674540682414698), (0.6438938938938938, 0.6384718051384717, 0.6411713866992601))}
Epoch: 16, Step: 8501
{'dev': (1344, (0.7727272727272727, 0.762252346193952, 0.7674540682414698), (0.6438938938938938, 0.6384718051384717, 0.6411713866992601)), 'test': (1322, (0.7624338624338625, 0.756827731092437, 0.7596204533473906), (0.635301968635302, 0.6268768768768769, 0.6310613038522628))}
Epoch: 17, Step: 9001
{'dev': (1351, (0.7755741127348643, 0.7747653806047967, 0.775169535732916), (0.6505672339005673, 0.6473973973973974, 0.6489784450260029))}
Epoch: 17, Step: 9001
{'dev': (1351, (0.7755741127348643, 0.7747653806047967, 0.775169535732916), (0.6505672339005673, 0.6473973973973974, 0.6489784450260029)), 'test': (1303, (0.7535248041775456, 0.7578781512605042, 0.7556952081696778), (0.6330497163830496, 0.6273773773773773, 0.6302007831789432))}
Epoch: 18, Step: 9501
{'dev': (1367, (0.789587852494577, 0.7591240875912408, 0.7740563530037213), (0.6436436436436437, 0.6354688021354689, 0.6395301000752938))}
Epoch: 18, Step: 9501
{'dev': (1367, (0.789587852494577, 0.7591240875912408, 0.7740563530037213), (0.6436436436436437, 0.6354688021354689, 0.6395301000752938)), 'test': (1325, (0.7683253076511504, 0.7542016806722689, 0.7611979856877816), (0.6353853853853854, 0.6253753753753754, 0.6303406423493759))}
Epoch: 19, Step: 10001
{'dev': (1343, (0.7748940677966102, 0.7627737226277372, 0.7687861271676301), (0.6354688021354687, 0.6348848848848848, 0.6351767093115835))}
Epoch: 19, Step: 10001
{'dev': (1343, (0.7748940677966102, 0.7627737226277372, 0.7687861271676301), (0.6354688021354687, 0.6348848848848848, 0.6351767093115835)), 'test': (1308, (0.7514270887389725, 0.7605042016806722, 0.755938397285304), (0.62671004337671, 0.6272105438772105, 0.6269601937399525))}
Epoch: 20, Step: 10501
{'dev': (1342, (0.7808807733619764, 0.7580813347236705, 0.7693121693121693), (0.6344678011344678, 0.631715048381715, 0.6330884324384114))}
Epoch: 20, Step: 10501
{'dev': (1342, (0.7808807733619764, 0.7580813347236705, 0.7693121693121693), (0.6344678011344678, 0.631715048381715, 0.6330884324384114)), 'test': (1315, (0.7604221635883905, 0.756827731092437, 0.7586206896551724), (0.625291958625292, 0.6249582916249582, 0.625125080600572))}
Epoch: 21, Step: 11001
{'dev': (1333, (0.767209668943773, 0.7612095933263816, 0.7641978539649308), (0.6393059726393059, 0.6361361361361362, 0.6377171154149571))}
Epoch: 21, Step: 11001
{'dev': (1333, (0.767209668943773, 0.7612095933263816, 0.7641978539649308), (0.6393059726393059, 0.6361361361361362, 0.6377171154149571)), 'test': (1305, (0.7520661157024794, 0.7647058823529411, 0.7583333333333334), (0.6314647981314648, 0.6320487153820488, 0.6317566218316643))}
Epoch: 22, Step: 11501
{'dev': (1353, (0.7838274932614555, 0.7580813347236705, 0.7707394646170156), (0.634718051384718, 0.6317150483817149, 0.6332129894791818))}
Epoch: 22, Step: 11501
{'dev': (1353, (0.7838274932614555, 0.7580813347236705, 0.7707394646170156), (0.634718051384718, 0.6317150483817149, 0.6332129894791818)), 'test': (1317, (0.7609038360483448, 0.7605042016806722, 0.7607039663777253), (0.6287954621287956, 0.6276276276276276, 0.6282110021321282))}
