Epoch: 0, Step: 500
{'dev': (1131, (0.8856088560885609, 0.5005213764337852, 0.6395736175882746), (0.43593593593593594, 0.4205872539205873, 0.4281240726507575))}
Epoch: 0, Step: 500
{'dev': (1131, (0.8856088560885609, 0.5005213764337852, 0.6395736175882746), (0.43593593593593594, 0.4205872539205873, 0.4281240726507575)), 'test': (1145, (0.8814192343604108, 0.4957983193277311, 0.6346218487394958), (0.43018018018018017, 0.4167917917917918, 0.42338016846806925))}
Epoch: 1, Step: 1000
{'dev': (1328, (0.8209798994974874, 0.6814389989572471, 0.7447293447293447), (0.5861695028361695, 0.5734067400734069, 0.5797178854033278))}
Epoch: 1, Step: 1000
{'dev': (1328, (0.8209798994974874, 0.6814389989572471, 0.7447293447293447), (0.5861695028361695, 0.5734067400734069, 0.5797178854033278)), 'test': (1336, (0.8285348688419706, 0.6801470588235294, 0.7470435535044707), (0.5839172505839173, 0.5668168168168166, 0.5752399735727027))}
Epoch: 2, Step: 1500
{'dev': (1362, (0.7919389978213508, 0.7580813347236705, 0.7746403835908365), (0.6388888888888888, 0.6315482148815482, 0.6351973444225578))}
Epoch: 2, Step: 1500
{'dev': (1362, (0.7919389978213508, 0.7580813347236705, 0.7746403835908365), (0.6388888888888888, 0.6315482148815482, 0.6351973444225578)), 'test': (1351, (0.7751351351351351, 0.7531512605042017, 0.7639850825785827), (0.6333833833833834, 0.6251668335001667, 0.6292482872267462))}
Epoch: 3, Step: 2000
{'dev': (1341, (0.7784877529286475, 0.762252346193952, 0.7702845100105374), (0.6389723056389722, 0.6378878878878878, 0.6384296362737598))}
Epoch: 3, Step: 2000
{'dev': (1341, (0.7784877529286475, 0.762252346193952, 0.7702845100105374), (0.6389723056389722, 0.6378878878878878, 0.6384296362737598)), 'test': (1311, (0.7574152542372882, 0.7510504201680672, 0.7542194092827005), (0.6249582916249583, 0.6232899566232899, 0.6241230092250318))}
Epoch: 4, Step: 2500
{'dev': (1347, (0.8399222294232016, 0.67570385818561, 0.7489164981219302), (0.6068568568568569, 0.5785785785785789, 0.5923804319413356))}
Epoch: 4, Step: 2500
{'dev': (1347, (0.8399222294232016, 0.67570385818561, 0.7489164981219302), (0.6068568568568569, 0.5785785785785789, 0.5923804319413356)), 'test': (1337, (0.8221797323135756, 0.6775210084033614, 0.7428735963144256), (0.5990990990990991, 0.5739906573239905, 0.5862761716420252))}
Epoch: 5, Step: 3000
{'dev': (1347, (0.7861020629750272, 0.7549530761209593, 0.7702127659574469), (0.6316316316316316, 0.6276276276276277, 0.6296232639634866))}
Epoch: 5, Step: 3000
{'dev': (1347, (0.7861020629750272, 0.7549530761209593, 0.7702127659574469), (0.6316316316316316, 0.6276276276276277, 0.6296232639634866)), 'test': (1343, (0.7726293103448276, 0.7531512605042017, 0.7627659574468085), (0.628294961628295, 0.6245412078745411, 0.626412461243897))}
Epoch: 6, Step: 3500
{'dev': (1351, (0.7800320341697811, 0.7617309697601669, 0.770772883144289), (0.6324657991324657, 0.6330497163830496, 0.6327576230461119))}
Epoch: 6, Step: 3500
{'dev': (1351, (0.7800320341697811, 0.7617309697601669, 0.770772883144289), (0.6324657991324657, 0.6330497163830496, 0.6327576230461119)), 'test': (1312, (0.7509273979862215, 0.7442226890756303, 0.7475600105513057), (0.6158658658658658, 0.6160744077410744, 0.6159701191525683))}
Epoch: 7, Step: 4000
{'dev': (1345, (0.7901711761457758, 0.7460896767466111, 0.7674979887369268), (0.6320487153820485, 0.6242075408742075, 0.6281036569991859))}
Epoch: 7, Step: 4000
{'dev': (1345, (0.7901711761457758, 0.7460896767466111, 0.7674979887369268), (0.6320487153820485, 0.6242075408742075, 0.6281036569991859)), 'test': (1339, (0.7732970027247956, 0.7452731092436975, 0.7590264776678256), (0.625875875875876, 0.6191191191191189, 0.6224791625796651))}
Epoch: 8, Step: 4500
{'dev': (1355, (0.805254140491148, 0.735140771637122, 0.768601798855274), (0.6244577911244579, 0.6146980313646979, 0.6195394766470723))}
Epoch: 8, Step: 4500
{'dev': (1355, (0.805254140491148, 0.735140771637122, 0.768601798855274), (0.6244577911244579, 0.6146980313646979, 0.6195394766470723)), 'test': (1325, (0.776536312849162, 0.7300420168067226, 0.752571737953438), (0.616282949616283, 0.6063980647313979, 0.6113005495119316))}
