Epoch: 0, Step: 500
{'dev': (916, (0.587218045112782, 0.40719499478623566, 0.4809113300492611), (0.3908908908908909, 0.3692025358692026, 0.3797372877706504))}
Epoch: 0, Step: 500
{'dev': (916, (0.587218045112782, 0.40719499478623566, 0.4809113300492611), (0.3908908908908909, 0.3692025358692026, 0.3797372877706504)), 'test': (932, (0.5961089494163424, 0.4023109243697479, 0.4804013797428661), (0.3833833833833834, 0.3653236569903237, 0.3741357088802914))}
Epoch: 1, Step: 1000
{'dev': (1074, (0.8061023622047244, 0.42700729927007297, 0.558282208588957), (0.3983983983983984, 0.39197530864197533, 0.39516075442196813))}
Epoch: 1, Step: 1000
{'dev': (1074, (0.8061023622047244, 0.42700729927007297, 0.558282208588957), (0.3983983983983984, 0.39197530864197533, 0.39516075442196813)), 'test': (1071, (0.8031809145129225, 0.42436974789915966, 0.5553264604810996), (0.3943943943943944, 0.3871788455121789, 0.39075331268084346))}
Epoch: 2, Step: 1500
{'dev': (1159, (0.7924812030075188, 0.5495307612095933, 0.6490147783251231), (0.484984984984985, 0.4768101434768101, 0.4808628229270033))}
Epoch: 2, Step: 1500
{'dev': (1159, (0.7924812030075188, 0.5495307612095933, 0.6490147783251231), (0.484984984984985, 0.4768101434768101, 0.4808628229270033)), 'test': (1176, (0.8043818466353677, 0.5399159663865546, 0.6461345065996229), (0.48623623623623624, 0.4725141808475142, 0.4792770105120564))}
Epoch: 3, Step: 2000
{'dev': (1142, (0.7398485891259463, 0.5604796663190824, 0.6377929397804806), (0.5162662662662663, 0.4859859859859862, 0.5006687086587213))}
Epoch: 3, Step: 2000
{'dev': (1142, (0.7398485891259463, 0.5604796663190824, 0.6377929397804806), (0.5162662662662663, 0.4859859859859862, 0.5006687086587213)), 'test': (1104, (0.7313218390804598, 0.5346638655462185, 0.6177184466019418), (0.49190857524190856, 0.464255922589256, 0.47768238613022335))}
Epoch: 4, Step: 2500
{'dev': (1112, (0.7694174757281553, 0.49582898852971846, 0.6030437539632213), (0.4655488822155489, 0.44919919919919926, 0.45722792827480047))}
Epoch: 4, Step: 2500
{'dev': (1112, (0.7694174757281553, 0.49582898852971846, 0.6030437539632213), (0.4655488822155489, 0.44919919919919926, 0.45722792827480047)), 'test': (1122, (0.7626854020296643, 0.5131302521008403, 0.6135007849293562), (0.4744744744744745, 0.4577077077077078, 0.4659403027188263))}
Epoch: 5, Step: 3000
{'dev': (1242, (0.7815502882767457, 0.6360792492179353, 0.7013509629203795), (0.5439606272939607, 0.5331164497831165, 0.538483948115815))}
Epoch: 5, Step: 3000
{'dev': (1242, (0.7815502882767457, 0.6360792492179353, 0.7013509629203795), (0.5439606272939607, 0.5331164497831165, 0.538483948115815)), 'test': (1203, (0.7516512549537648, 0.5976890756302521, 0.665886483323581), (0.521438104771438, 0.5055889222555889, 0.5133912204385455))}
Epoch: 6, Step: 3500
{'dev': (1200, (0.6984615384615385, 0.7101147028154328, 0.7042399172699069), (0.5900900900900901, 0.5916750083416751, 0.5908814864133562))}
Epoch: 6, Step: 3500
{'dev': (1200, (0.6984615384615385, 0.7101147028154328, 0.7042399172699069), (0.5900900900900901, 0.5916750083416751, 0.5908814864133562)), 'test': (1205, (0.7006302521008403, 0.7006302521008403, 0.7006302521008403), (0.5864197530864198, 0.5851267934601266, 0.5857725597956055))}
Epoch: 7, Step: 4000
{'dev': (1207, (0.7559598494353826, 0.6282586027111574, 0.6862186788154898), (0.5573073073073073, 0.5328661995328664, 0.5448127751287902))}
Epoch: 7, Step: 4000
{'dev': (1207, (0.7559598494353826, 0.6282586027111574, 0.6862186788154898), (0.5573073073073073, 0.5328661995328664, 0.5448127751287902)), 'test': (1212, (0.7496798975672215, 0.6150210084033614, 0.6757068667051356), (0.5482982982982983, 0.5217300633967301, 0.5346843432791593))}
Epoch: 8, Step: 4500
{'dev': (1197, (0.751660026560425, 0.5901981230448383, 0.6612149532710281), (0.535035035035035, 0.5064230897564233, 0.5203360348734799))}
Epoch: 8, Step: 4500
{'dev': (1197, (0.751660026560425, 0.5901981230448383, 0.6612149532710281), (0.535035035035035, 0.5064230897564233, 0.5203360348734799)), 'test': (1172, (0.7397993311036789, 0.5808823529411765, 0.6507796410709032), (0.53003003003003, 0.501584918251585, 0.5154153101917314))}
Epoch: 9, Step: 5000
{'dev': (1216, (0.7084257206208425, 0.6663190823774765, 0.6867275658248253), (0.5817484150817485, 0.5657323990657324, 0.5736286349352163))}
Epoch: 9, Step: 5000
{'dev': (1216, (0.7084257206208425, 0.6663190823774765, 0.6867275658248253), (0.5817484150817485, 0.5657323990657324, 0.5736286349352163)), 'test': (1167, (0.6946308724832215, 0.6523109243697479, 0.6728060671722643), (0.5799966633299967, 0.5578912245578911, 0.5687292257680546))}
Epoch: 10, Step: 5500
{'dev': (1222, (0.7240204429301533, 0.664754953076121, 0.6931231312856755), (0.5738238238238238, 0.5597263930597264, 0.5666874468846651))}
Epoch: 10, Step: 5500
{'dev': (1222, (0.7240204429301533, 0.664754953076121, 0.6931231312856755), (0.5738238238238238, 0.5597263930597264, 0.5666874468846651)), 'test': (1209, (0.7143668370244179, 0.6607142857142857, 0.6864938608458391), (0.5730730730730731, 0.554054054054054, 0.5634031011473285))}
