test:{'dev': (724, (0.8633093525179856, 0.18769551616266944, 0.30835117773019266), (0.18018018018018017, 0.17792792792792791, 0.17904697149980167))}
test:{'dev': (724, (0.8633093525179856, 0.18769551616266944, 0.30835117773019266), (0.18018018018018017, 0.17792792792792791, 0.17904697149980167)), 'test': (745, (0.888095238095238, 0.1959033613445378, 0.32099827882960413), (0.1866866866866867, 0.1817650984317651, 0.18419302254484507))}
test:{'dev': (1213, (0.8166666666666667, 0.6131386861313869, 0.7004169148302561), (0.5139305972639306, 0.504587921254588, 0.5092164099671608))}
test:{'dev': (1213, (0.8166666666666667, 0.6131386861313869, 0.7004169148302561), (0.5139305972639306, 0.504587921254588, 0.5092164099671608)), 'test': (1212, (0.8046218487394958, 0.6034663865546218, 0.6896758703481392), (0.5042542542542542, 0.49453620286953626, 0.49934795111643987))}
test:{'dev': (1364, (0.8012457531143827, 0.737747653806048, 0.768186753528773), (0.6398064731398064, 0.6207874541207875, 0.6301534903528904))}
test:{'dev': (1364, (0.8012457531143827, 0.737747653806048, 0.768186753528773), (0.6398064731398064, 0.6207874541207875, 0.6301534903528904)), 'test': (1335, (0.7914500288850376, 0.7195378151260504, 0.7537826685006878), (0.6238738738738739, 0.6036870203536869, 0.6136144638794816))}
test:{'dev': (1373, (0.7979189485213581, 0.7596454640250261, 0.7783119658119657), (0.6438938938938937, 0.6370537203870537, 0.6404555441088392))}
test:{'dev': (1373, (0.7979189485213581, 0.7596454640250261, 0.7783119658119657), (0.6438938938938937, 0.6370537203870537, 0.6404555441088392)), 'test': (1336, (0.7708219923788786, 0.7436974789915967, 0.7570168404170009), (0.6267100433767101, 0.6194527861194526, 0.6230602827653053))}
test:{'dev': (1291, (0.8659498207885304, 0.629822732012513, 0.7292484153335345), (0.5693193193193193, 0.5411244577911246, 0.5548639459772272))}
test:{'dev': (1291, (0.8659498207885304, 0.629822732012513, 0.7292484153335345), (0.5693193193193193, 0.5411244577911246, 0.5548639459772272)), 'test': (1307, (0.8547807332854062, 0.6244747899159664, 0.7216995447647951), (0.5615615615615616, 0.5357023690357023, 0.5483272538160784))}
test:{'dev': (1379, (0.797573083287369, 0.7539103232533889, 0.7751273117126775), (0.6423923923923924, 0.6283783783783784, 0.6353081123660091))}
test:{'dev': (1379, (0.797573083287369, 0.7539103232533889, 0.7751273117126775), (0.6423923923923924, 0.6283783783783784, 0.6353081123660091)), 'test': (1334, (0.7744774477447744, 0.7394957983193278, 0.7565824825362708), (0.6252085418752085, 0.6138638638638638, 0.6194842681647582))}
test:{'dev': (1364, (0.805099150141643, 0.7408759124087592, 0.7716535433070867), (0.6323823823823824, 0.6182015348682017, 0.6252115576088363))}
test:{'dev': (1364, (0.805099150141643, 0.7408759124087592, 0.7716535433070867), (0.6323823823823824, 0.6182015348682017, 0.6252115576088363)), 'test': (1338, (0.7855936972425436, 0.7331932773109243, 0.7584895408856288), (0.6235402068735402, 0.6074407741074407, 0.6153852119608483))}
test:{'dev': (1365, (0.7882096069868996, 0.7528675703858185, 0.7701333333333333), (0.6423089756423089, 0.630463797130464, 0.6363312672571204))}
test:{'dev': (1365, (0.7882096069868996, 0.7528675703858185, 0.7701333333333333), (0.6423089756423089, 0.630463797130464, 0.6363312672571204)), 'test': (1332, (0.7720628045479155, 0.7489495798319328, 0.7603305785123967), (0.6359693026359692, 0.623707040373707, 0.6297784882867549))}
test:{'dev': (1358, (0.7929901423877328, 0.7549530761209593, 0.7735042735042735), (0.6486486486486487, 0.6348848848848848, 0.6416929700220789))}
test:{'dev': (1358, (0.7929901423877328, 0.7549530761209593, 0.7735042735042735), (0.6486486486486487, 0.6348848848848848, 0.6416929700220789)), 'test': (1343, (0.7697297297297298, 0.7478991596638656, 0.7586574320724561), (0.6359693026359692, 0.6228728728728729, 0.629352963061796))}
test:{'dev': (1343, (0.7876447876447876, 0.7445255474452555, 0.7654784240150093), (0.6331331331331331, 0.6253753753753754, 0.6292303438853448))}
test:{'dev': (1343, (0.7876447876447876, 0.7445255474452555, 0.7654784240150093), (0.6331331331331331, 0.6253753753753754, 0.6292303438853448)), 'test': (1306, (0.762987012987013, 0.740546218487395, 0.7515991471215352), (0.627877877877878, 0.6191191191191191, 0.6234677382580253))}
test:{'dev': (1364, (0.7816030123722432, 0.7575599582898853, 0.7693936987026742), (0.6456456456456455, 0.6361361361361362, 0.6408556154749049))}
test:{'dev': (1364, (0.7816030123722432, 0.7575599582898853, 0.7693936987026742), (0.6456456456456455, 0.6361361361361362, 0.6408556154749049)), 'test': (1341, (0.7685729556386959, 0.7552521008403361, 0.7618543046357615), (0.6403069736403069, 0.62671004337671, 0.6334355511172067))}
test:{'dev': (1338, (0.7712486883525709, 0.7664233576642335, 0.7688284518828453), (0.640306973640307, 0.6390557223890557, 0.6396807361359316))}
test:{'dev': (1338, (0.7712486883525709, 0.7664233576642335, 0.7688284518828453), (0.640306973640307, 0.6390557223890557, 0.6396807361359316)), 'test': (1304, (0.7480838017373531, 0.7689075630252101, 0.7583527583527584), (0.6349683016349682, 0.6352185518852185, 0.6350934021081345))}
test:{'dev': (1326, (0.7711362412493269, 0.7466110531803962, 0.7586754966887417), (0.6224557891224557, 0.6225392058725394, 0.6224974947029666))}
test:{'dev': (1326, (0.7711362412493269, 0.7466110531803962, 0.7586754966887417), (0.6224557891224557, 0.6225392058725394, 0.6224974947029666)), 'test': (1292, (0.7532877432930036, 0.7521008403361344, 0.7526938239159001), (0.6209542876209541, 0.6216216216216216, 0.6212877754231136))}
test:{'dev': (1346, (0.7740899357601713, 0.7539103232533889, 0.7638668779714738), (0.6364698031364698, 0.6300467133800467, 0.6332419710320434))}
test:{'dev': (1346, (0.7740899357601713, 0.7539103232533889, 0.7638668779714738), (0.6364698031364698, 0.6300467133800467, 0.6332419710320434)), 'test': (1309, (0.7625400213447172, 0.7505252100840336, 0.7564849126521969), (0.631297964631298, 0.6221221221221221, 0.6266764568375109))}
test:{'dev': (1332, (0.7678947368421053, 0.7606882168925965, 0.7642744892613934), (0.6317984651317985, 0.6332165498832166, 0.6325067126693681))}
test:{'dev': (1332, (0.7678947368421053, 0.7606882168925965, 0.7642744892613934), (0.6317984651317985, 0.6332165498832166, 0.6325067126693681)), 'test': (1288, (0.7477944992215879, 0.756827731092437, 0.7522839989558862), (0.6234567901234567, 0.624541207874541, 0.6239985278596778))}
test:{'dev': (1341, (0.7718832891246684, 0.7586027111574557, 0.765185379963187), (0.6343843843843844, 0.6339673006339673, 0.6341757739324329))}
test:{'dev': (1341, (0.7718832891246684, 0.7586027111574557, 0.765185379963187), (0.6343843843843844, 0.6339673006339673, 0.6341757739324329)), 'test': (1293, (0.7524752475247525, 0.7584033613445378, 0.7554276746010986), (0.6272105438772105, 0.6261261261261261, 0.626667865869197))}
test:{'dev': (1327, (0.7725321888412017, 0.7507820646506778, 0.7615018508725542), (0.6338004671338006, 0.6303803803803804, 0.6320857974437651))}
test:{'dev': (1327, (0.7725321888412017, 0.7507820646506778, 0.7615018508725542), (0.6338004671338006, 0.6303803803803804, 0.6320857974437651)), 'test': (1311, (0.7617787188988883, 0.7557773109243697, 0.7587661481676773), (0.6309642976309643, 0.627127127127127, 0.6290398607067484))}
test:{'dev': (1328, (0.7823691460055097, 0.7403545359749739, 0.7607822126975622), (0.6277110443777111, 0.6202035368702035, 0.6239347078807863))}
test:{'dev': (1328, (0.7823691460055097, 0.7403545359749739, 0.7607822126975622), (0.6277110443777111, 0.6202035368702035, 0.6239347078807863)), 'test': (1320, (0.7758241758241758, 0.7415966386554622, 0.7583243823845328), (0.6252919586252921, 0.6165331998665332, 0.6208816908980362))}
test:{'dev': (1338, (0.769594950026302, 0.7627737226277372, 0.7661691542288558), (0.6398898898898898, 0.6378044711378045, 0.6388454786313374))}
test:{'dev': (1338, (0.769594950026302, 0.7627737226277372, 0.7661691542288558), (0.6398898898898898, 0.6378044711378045, 0.6388454786313374)), 'test': (1314, (0.7587103484139366, 0.7662815126050421, 0.7624771361379671), (0.6343843843843843, 0.632716049382716, 0.63354911857216))}
test:{'dev': (1337, (0.7722192655667909, 0.7565172054223149, 0.7642875954701079), (0.6368868868868869, 0.6330497163830496, 0.6349625045434293))}
test:{'dev': (1337, (0.7722192655667909, 0.7565172054223149, 0.7642875954701079), (0.6368868868868869, 0.6330497163830496, 0.6349625045434293)), 'test': (1322, (0.7673188789000529, 0.7620798319327731, 0.7646903820816864), (0.6367200533867201, 0.6303803803803804, 0.6335343572670761))}
test:{'dev': (1333, (0.7728487439871726, 0.7539103232533889, 0.7632620744259699), (0.6322155488822154, 0.629713046379713, 0.630961816302465))}
test:{'dev': (1333, (0.7728487439871726, 0.7539103232533889, 0.7632620744259699), (0.6322155488822154, 0.629713046379713, 0.630961816302465)), 'test': (1311, (0.7616279069767442, 0.756827731092437, 0.7592202318229716), (0.6287120453787121, 0.6258758758758759, 0.6272907548505953))}
test:{'dev': (1335, (0.7671735710540115, 0.7627737226277372, 0.764967320261438), (0.6355522188855521, 0.6362195528862195, 0.6358857108015356))}
test:{'dev': (1335, (0.7671735710540115, 0.7627737226277372, 0.764967320261438), (0.6355522188855521, 0.6362195528862195, 0.6358857108015356)), 'test': (1313, (0.7554291623578077, 0.7673319327731093, 0.761334028139656), (0.631715048381715, 0.6319652986319653, 0.631840148727952))}
test:{'dev': (1337, (0.7748522299838796, 0.7518248175182481, 0.7631648584281555), (0.6318818818818819, 0.628128128128128, 0.6299994135148056))}
test:{'dev': (1337, (0.7748522299838796, 0.7518248175182481, 0.7631648584281555), (0.6318818818818819, 0.628128128128128, 0.6299994135148056)), 'test': (1320, (0.7701333333333333, 0.7584033613445378, 0.7642233395078063), (0.6328828828828829, 0.6271271271271271, 0.62999185879027))}
test:{'dev': (1333, (0.7723404255319148, 0.7570385818561001, 0.7646129541864138), (0.6338838838838838, 0.6322989656322989, 0.6330904328137347))}
test:{'dev': (1333, (0.7723404255319148, 0.7570385818561001, 0.7646129541864138), (0.6338838838838838, 0.6322989656322989, 0.6330904328137347)), 'test': (1316, (0.7642706131078224, 0.759453781512605, 0.7618545837723919), (0.6332999666333, 0.6283783783783784, 0.630829573375028))}
