Epoch: 0, Step: 500
{'dev': (1008, (0.9211822660098522, 0.3899895724713243, 0.5479853479853479), (0.36236236236236236, 0.3438438438438439, 0.3528603018326619))}
Epoch: 0, Step: 500
{'dev': (1008, (0.9211822660098522, 0.3899895724713243, 0.5479853479853479), (0.36236236236236236, 0.3438438438438439, 0.3528603018326619)), 'test': (1015, (0.918546365914787, 0.3849789915966387, 0.542561065877128), (0.3561061061061061, 0.3383383383383384, 0.3469949228507787))}
Epoch: 1, Step: 1000
{'dev': (1327, (0.8376792698826597, 0.6699687174139729, 0.7444959443800695), (0.5795795795795796, 0.562228895562229, 0.5707724088787794))}
Epoch: 1, Step: 1000
{'dev': (1327, (0.8376792698826597, 0.6699687174139729, 0.7444959443800695), (0.5795795795795796, 0.562228895562229, 0.5707724088787794)), 'test': (1282, (0.8155149934810951, 0.6570378151260504, 0.7277486910994764), (0.5688188188188188, 0.5479229229229228, 0.5581753742538056))}
Epoch: 2, Step: 1500
{'dev': (1374, (0.7934604904632152, 0.7591240875912408, 0.7759126032507327), (0.6559059059059059, 0.6374708041374707, 0.6465569729678081))}
Epoch: 2, Step: 1500
{'dev': (1374, (0.7934604904632152, 0.7591240875912408, 0.7759126032507327), (0.6559059059059059, 0.6374708041374707, 0.6465569729678081)), 'test': (1325, (0.770189701897019, 0.7463235294117647, 0.7580688183515605), (0.6392225558892226, 0.6214964964964964, 0.6302349095381814))}
Epoch: 3, Step: 2000
{'dev': (1386, (0.8061281337047354, 0.7544316996871742, 0.7794236466469163), (0.6507340674007341, 0.6343009676343009, 0.6424124438189136))}
Epoch: 3, Step: 2000
{'dev': (1386, (0.8061281337047354, 0.7544316996871742, 0.7794236466469163), (0.6507340674007341, 0.6343009676343009, 0.6424124438189136)), 'test': (1349, (0.7780821917808219, 0.7457983193277311, 0.7615982837221775), (0.6406406406406407, 0.6231231231231231, 0.6317604733446319))}
Epoch: 4, Step: 2500
{'dev': (1345, (0.8370895041854475, 0.6777893639207507, 0.749063670411985), (0.6111111111111112, 0.5831664998331666, 0.5968118708916362))}
Epoch: 4, Step: 2500
{'dev': (1345, (0.8370895041854475, 0.6777893639207507, 0.749063670411985), (0.6111111111111112, 0.5831664998331666, 0.5968118708916362)), 'test': (1324, (0.8182989690721649, 0.667016806722689, 0.7349537037037037), (0.5925925925925926, 0.56664998331665, 0.5793310040269816))}
Epoch: 5, Step: 3000
{'dev': (1355, (0.7859879584017515, 0.748696558915537, 0.7668891855807743), (0.6426426426426426, 0.6277110443777112, 0.6350890913239065))}
Epoch: 5, Step: 3000
{'dev': (1355, (0.7859879584017515, 0.748696558915537, 0.7668891855807743), (0.6426426426426426, 0.6277110443777112, 0.6350890913239065)), 'test': (1329, (0.7669172932330827, 0.75, 0.7583643122676581), (0.6393059726393059, 0.6250417083750415, 0.6320933763919401))}
Epoch: 6, Step: 3500
{'dev': (1384, (0.8138602520045819, 0.7408759124087592, 0.7756550218340612), (0.6352185518852186, 0.6202869536202871, 0.6276639627690499))}
Epoch: 6, Step: 3500
{'dev': (1384, (0.8138602520045819, 0.7408759124087592, 0.7756550218340612), (0.6352185518852186, 0.6202869536202871, 0.6276639627690499)), 'test': (1337, (0.788, 0.7242647058823529, 0.7547892720306513), (0.6152819486152821, 0.6020186853520185, 0.6085780611466441))}
Epoch: 7, Step: 4000
{'dev': (1376, (0.8098510882016037, 0.7372262773722628, 0.7718340611353711), (0.6315482148815483, 0.6185352018685352, 0.6249739774918832))}
Epoch: 7, Step: 4000
{'dev': (1376, (0.8098510882016037, 0.7372262773722628, 0.7718340611353711), (0.6315482148815483, 0.6185352018685352, 0.6249739774918832)), 'test': (1352, (0.79375, 0.7337184873949579, 0.7625545851528382), (0.6221221221221221, 0.6101935268601935, 0.6161000911559361))}
Epoch: 8, Step: 4500
{'dev': (1369, (0.8061926605504587, 0.7330552659019812, 0.7678864008738395), (0.6358858858858859, 0.619703036369703, 0.627690173564476))}
Epoch: 8, Step: 4500
{'dev': (1369, (0.8061926605504587, 0.7330552659019812, 0.7678864008738395), (0.6358858858858859, 0.619703036369703, 0.627690173564476)), 'test': (1353, (0.7885264341957255, 0.7363445378151261, 0.761542639869636), (0.629295962629296, 0.6147814481147814, 0.6219540357486807))}
Epoch: 9, Step: 5000
{'dev': (1372, (0.7899022801302932, 0.7586027111574557, 0.7739361702127661), (0.6413913913913912, 0.6332165498832166, 0.6372777555041952))}
Epoch: 9, Step: 5000
{'dev': (1372, (0.7899022801302932, 0.7586027111574557, 0.7739361702127661), (0.6413913913913912, 0.6332165498832166, 0.6372777555041952)), 'test': (1342, (0.7716281569048898, 0.7542016806722689, 0.7628154050464808), (0.6326326326326327, 0.6214547881214546, 0.6269938955850888))}
Epoch: 10, Step: 5500
{'dev': (1366, (0.7857917570498916, 0.7554744525547445, 0.7703349282296651), (0.642142142142142, 0.6339673006339676, 0.6380285371003113))}
Epoch: 10, Step: 5500
{'dev': (1366, (0.7857917570498916, 0.7554744525547445, 0.7703349282296651), (0.642142142142142, 0.6339673006339676, 0.6380285371003113)), 'test': (1345, (0.7716450216450217, 0.7489495798319328, 0.7601279317697228), (0.6342175508842176, 0.6231231231231229, 0.6286213899164207))}
Epoch: 11, Step: 6000
{'dev': (1354, (0.773474801061008, 0.7601668404588112, 0.766763081777544), (0.6438938938938937, 0.6377210543877213, 0.6407926085418926))}
Epoch: 11, Step: 6000
{'dev': (1354, (0.773474801061008, 0.7601668404588112, 0.766763081777544), (0.6438938938938937, 0.6377210543877213, 0.6407926085418926)), 'test': (1332, (0.7653333333333333, 0.7536764705882353, 0.7594601746493782), (0.6387220553887221, 0.6257924591257923, 0.6321911550268742))}
Epoch: 12, Step: 6500
{'dev': (1342, (0.7773042088438998, 0.7606882168925965, 0.7689064558629776), (0.639139139139139, 0.6363863863863864, 0.6377597923605379))}
Epoch: 12, Step: 6500
{'dev': (1342, (0.7773042088438998, 0.7606882168925965, 0.7689064558629776), (0.639139139139139, 0.6363863863863864, 0.6377597923605379)), 'test': (1315, (0.7595744680851064, 0.75, 0.7547568710359408), (0.6302135468802136, 0.6217884551217884, 0.6259726535338945))}
Epoch: 13, Step: 7000
{'dev': (1364, (0.7957941339236303, 0.7497393117831074, 0.7720805369127517), (0.6373039706373038, 0.6283783783783785, 0.6328097028683597))}
Epoch: 13, Step: 7000
{'dev': (1364, (0.7957941339236303, 0.7497393117831074, 0.7720805369127517), (0.6373039706373038, 0.6283783783783785, 0.6328097028683597)), 'test': (1314, (0.774764803541782, 0.7352941176470589, 0.7545136081918621), (0.6214547881214548, 0.6096096096096096, 0.615475212304051))}
Epoch: 14, Step: 7500
{'dev': (1359, (0.7854426941879413, 0.7539103232533889, 0.7693535514764565), (0.6383049716383047, 0.62987987987988, 0.6340644400237901))}
Epoch: 14, Step: 7500
{'dev': (1359, (0.7854426941879413, 0.7539103232533889, 0.7693535514764565), (0.6383049716383047, 0.62987987987988, 0.6340644400237901)), 'test': (1324, (0.7684040838259001, 0.7510504201680672, 0.7596281540504648), (0.6296296296296297, 0.6211211211211212, 0.6253464348702444))}
Epoch: 15, Step: 8000
{'dev': (1357, (0.7830037413148049, 0.7638164754953076, 0.7732911058326736), (0.641307974641308, 0.637887887887888, 0.6395933592542656))}
Epoch: 15, Step: 8000
{'dev': (1357, (0.7830037413148049, 0.7638164754953076, 0.7732911058326736), (0.641307974641308, 0.637887887887888, 0.6395933592542656)), 'test': (1334, (0.7650475184794087, 0.7610294117647058, 0.7630331753554502), (0.6316316316316316, 0.6292959626292959, 0.6304616339016973))}
Epoch: 16, Step: 8500
{'dev': (1340, (0.7702349869451697, 0.7690302398331595, 0.7696321419253846), (0.6424758091424756, 0.6423923923923925, 0.6424340980596255))}
Epoch: 16, Step: 8500
{'dev': (1340, (0.7702349869451697, 0.7690302398331595, 0.7696321419253846), (0.6424758091424756, 0.6423923923923925, 0.6424340980596255)), 'test': (1315, (0.7581151832460733, 0.7605042016806722, 0.7593078133193497), (0.630880880880881, 0.6292125458792125, 0.6300456089612717))}
Epoch: 17, Step: 9000
{'dev': (1347, (0.7845333333333333, 0.7669447340980188, 0.7756393356182442), (0.6475642308975641, 0.6426426426426427, 0.6450940498913602))}
Epoch: 17, Step: 9000
{'dev': (1347, (0.7845333333333333, 0.7669447340980188, 0.7756393356182442), (0.6475642308975641, 0.6426426426426427, 0.6450940498913602)), 'test': (1313, (0.7588204318062138, 0.756827731092437, 0.7578227714961873), (0.6292959626292958, 0.627711044377711, 0.6285025043181964))}
Epoch: 18, Step: 9500
{'dev': (1342, (0.7787188988883007, 0.7669447340980188, 0.7727869713685316), (0.6475642308975641, 0.6426426426426427, 0.6450940498913602))}
Epoch: 18, Step: 9500
{'dev': (1342, (0.7787188988883007, 0.7669447340980188, 0.7727869713685316), (0.6475642308975641, 0.6426426426426427, 0.6450940498913602)), 'test': (1322, (0.7631856540084389, 0.7599789915966386, 0.761578947368421), (0.633133133133133, 0.6277944611277945, 0.6304524953638475))}
Epoch: 19, Step: 10000
{'dev': (1347, (0.7799472295514512, 0.7705943691345151, 0.7752425911355888), (0.6436436436436435, 0.6433933933933935, 0.6435184941893088))}
Epoch: 19, Step: 10000
{'dev': (1347, (0.7799472295514512, 0.7705943691345151, 0.7752425911355888), (0.6436436436436435, 0.6433933933933935, 0.6435184941893088)), 'test': (1311, (0.7564304461942257, 0.756827731092437, 0.7566290364925178), (0.6254587921254589, 0.6253753753753754, 0.6254170809689316))}
Epoch: 20, Step: 10500
{'dev': (1345, (0.7770163415919874, 0.7685088633993743, 0.7727391874180864), (0.6413079746413077, 0.6433099766433101, 0.6423074156407489))}
Epoch: 20, Step: 10500
{'dev': (1345, (0.7770163415919874, 0.7685088633993743, 0.7727391874180864), (0.6413079746413077, 0.6433099766433101, 0.6423074156407489)), 'test': (1312, (0.7578451882845189, 0.7610294117647058, 0.7594339622641508), (0.6264597931264596, 0.6283783783783784, 0.6274176190416302))}
Epoch: 21, Step: 11000
{'dev': (1351, (0.7791864764923402, 0.7690302398331595, 0.774075045919706), (0.6460627293960626, 0.6429763096429764, 0.6445158245240213))}
Epoch: 21, Step: 11000
{'dev': (1351, (0.7791864764923402, 0.7690302398331595, 0.774075045919706), (0.6460627293960626, 0.6429763096429764, 0.6445158245240213)), 'test': (1318, (0.7626050420168067, 0.7626050420168067, 0.7626050420168067), (0.6324657991324658, 0.6297964631297964, 0.6311283086769913))}
Epoch: 22, Step: 11500
{'dev': (1351, (0.7780138077535848, 0.7638164754953076, 0.7708497763746383), (0.6408908908908907, 0.6383883883883884, 0.6396371919650479))}
Epoch: 22, Step: 11500
{'dev': (1351, (0.7780138077535848, 0.7638164754953076, 0.7708497763746383), (0.6408908908908907, 0.6383883883883884, 0.6396371919650479)), 'test': (1320, (0.7626582278481012, 0.759453781512605, 0.7610526315789473), (0.6291291291291291, 0.6278778778778779, 0.6285028807425781))}
Epoch: 23, Step: 12000
{'dev': (1354, (0.7808510638297872, 0.7653806047966631, 0.7730384412848867), (0.6408908908908907, 0.6393893893893894, 0.6401392596662338))}
Epoch: 23, Step: 12000
{'dev': (1354, (0.7808510638297872, 0.7653806047966631, 0.7730384412848867), (0.6408908908908907, 0.6393893893893894, 0.6401392596662338)), 'test': (1318, (0.7633668607728957, 0.7573529411764706, 0.760348009491168), (0.6278778778778779, 0.6256256256256256, 0.6267497283668175))}
